image: skku_7th.pgm
resolution: 0.050000
origin: [-27.0200000, -70.1100000, 0.0]
negate: 0
occupied_thresh: 0.65
free_thresh: 0.196

